2.9201087951660156
3.187364339828491
4.0
3.2089829444885254
3.22355580329895
3.3913018703460693
3.4194588661193848
4.000000476837158
3.4200665950775146
3.5747365951538086
3.2476038932800293
3.5823419094085693
2.975405216217041
3.600189685821533
3.4977755546569824
3.640504837036133
3.251305103302002
3.3839328289031982
4.0
4.0
3.477550506591797
3.3771045207977295
3.2567245960235596
3.1910667419433594
3.0823826789855957
3.192443370819092
4.0
3.0898919105529785
3.434540033340454
3.308004379272461
3.649751663208008
3.999999523162842
2.9724855422973633
3.180380344390869
3.693455457687378
3.999999523162842
3.054375171661377
3.2567245960235596
4.000000476837158
3.461740016937256
3.2385542392730713
3.541002035140991
3.6052942276000977
3.323869466781616
3.430175542831421
3.270819664001465
3.3891611099243164
3.2016053199768066
3.185382843017578
4.000000476837158
3.446746349334717
3.156125545501709
3.3228702545166016
3.341310739517212
2.9996426105499268
3.444408416748047
3.0823826789855957
3.2401514053344727
4.0
3.457596778869629
3.5458648204803467
3.149197578430176
3.9917402267456055
3.5978124141693115
3.10083270072937
3.69830060005188
3.8593032360076904
3.1212189197540283
3.5257925987243652
3.04123854637146
3.243223190307617
3.5821890830993652
2.957890748977661
3.1964430809020996
3.139030933380127
3.088092565536499
3.4386191368103027
3.4101412296295166
2.9450523853302
3.2836194038391113
3.965527057647705
3.594517230987549
3.3669161796569824
3.066356897354126
4.000000476837158
4.0
3.544382333755493
3.596592426300049
3.257972002029419
3.6681435108184814
3.1689367294311523
3.216658115386963
3.423114061355591
3.413057565689087
2.9311366081237793
3.6391968727111816
4.0
4.000000476837158
3.092647075653076
3.3446366786956787
3.5485658645629883
3.2023062705993652
4.0
3.5928196907043457
3.504607915878296
3.227402687072754
3.5558362007141113
3.1340491771698
3.222905158996582
3.999999523162842
3.1751136779785156
3.414524793624878
3.417600154876709
3.5947647094726562
3.289186477661133
3.2524847984313965
3.301011800765991
3.2458271980285645
3.4809086322784424
3.0268900394439697
4.0
3.225417137145996
3.124887466430664
3.502072811126709
4.000000476837158
3.550166130065918
3.4773101806640625
3.4038543701171875
3.9461352825164795
3.505326986312866
3.1045780181884766
3.469698190689087
3.3870983123779297
3.2368175983428955
3.028031826019287
3.3361704349517822
3.593109607696533
3.2759244441986084
3.175647735595703
4.0
3.3147425651550293
3.3435757160186768
3.3389675617218018
3.037604331970215
3.609921455383301
3.120466709136963
3.4222164154052734
3.21608304977417
4.0
4.0
3.4795656204223633
3.5713882446289062
3.470895290374756
3.612204074859619
3.453413724899292
3.2453033924102783
3.0369555950164795
3.6016435623168945
3.3377139568328857
3.274137020111084
3.374929904937744
3.999999761581421
3.538410186767578
2.8805909156799316
3.595134735107422
3.288356065750122
3.6728248596191406
3.271656036376953
3.4034414291381836
3.358900547027588
3.601205825805664
3.999999761581421
3.431138038635254
2.8951377868652344
3.187229871749878
3.3866419792175293
3.2157185077667236
3.2522268295288086
3.430295944213867
3.471708297729492
3.5254483222961426
3.251305103302002
3.7181737422943115
3.2983784675598145
3.6132330894470215
3.999999523162842
2.879216194152832
3.2097434997558594
3.147606611251831
3.4934539794921875
4.0
2.7897913455963135
3.999999761581421
3.358560562133789
3.052704334259033
4.0
3.554828405380249
4.0
3.516099452972412
3.123209238052368
3.370209217071533
3.416358709335327
3.999999761581421
3.4710206985473633
3.5442404747009277
3.1402745246887207
3.308659315109253
3.1886134147644043
2.9485714435577393
3.300722599029541
2.9636929035186768
3.1422412395477295
3.0620341300964355
3.5575923919677734
3.419846773147583
3.1773862838745117
3.526167869567871
3.2311224937438965
3.999999761581421
3.435328960418701
3.2724642753601074
3.052988290786743
3.1987597942352295
3.4243111610412598
3.5942091941833496
3.697789430618286
2.7456226348876953
2.7897913455963135
3.655097007751465
3.3068737983703613
3.5088348388671875
3.3413848876953125
3.619053363800049
3.5599420070648193
3.568588972091675
3.401777744293213
4.000000476837158
3.114372730255127
2.872617244720459
4.000000476837158
3.2716846466064453
3.360294818878174
3.999999523162842
3.290048599243164
4.0
3.398678779602051
3.120046377182007
3.697017192840576
3.411163330078125
3.4964799880981445
3.531311273574829
3.501864433288574
3.3918967247009277
3.1763203144073486
3.692634344100952
3.180183172225952
4.0
3.1286072731018066
3.2064621448516846
4.0
2.8805909156799316
3.3089938163757324
3.173516035079956
3.434540033340454
3.3877410888671875
3.0254859924316406
3.258715867996216
3.336791753768921
3.2223780155181885
2.8488426208496094
3.262652635574341
3.221428155899048
3.005784034729004
4.0
3.0309643745422363
3.147052049636841
3.8242695331573486
3.546006917953491
3.3647327423095703
3.229400396347046
3.1930835247039795
4.0
4.0
4.0
3.387213706970215
3.4491541385650635
3.1755754947662354
4.0
4.0
2.7325401306152344
3.999999761581421
4.0
3.701350450515747
3.099229574203491
3.412961483001709
3.4547789096832275
3.044796943664551
4.0
3.7019314765930176
3.320549249649048
4.0
3.581092357635498
3.5273094177246094
4.0
4.0
3.199772596359253
3.4723317623138428
3.0762314796447754
2.867081880569458
3.999999761581421
3.340999126434326
3.364381790161133
2.992755889892578
4.000000476837158
3.548663377761841
3.1044552326202393
3.2016053199768066
3.172215461730957
3.560856819152832
3.0715384483337402
3.1423118114471436
3.168889284133911
3.474351644515991
3.2115120887756348
3.94370174407959
3.650050401687622
3.1519646644592285
3.5174179077148438
3.328329086303711
4.0
3.0847301483154297
3.4896798133850098
3.4828319549560547
3.1099205017089844
3.193227767944336
3.2625086307525635
2.8911032676696777
3.4776339530944824
4.0
3.1577701568603516
3.574049711227417
3.530052423477173
2.867081880569458
3.3565611839294434
3.6244263648986816
4.000000476837158
4.0
3.999999523162842
3.7589170932769775
3.3185441493988037
2.9692330360412598
3.6383543014526367
3.30818247795105
3.142357587814331
4.0
2.6821727752685547
3.6530420780181885
3.0770959854125977
3.2902376651763916
3.5018367767333984
3.0017142295837402
4.0
3.3276169300079346
3.470355987548828
3.129512310028076
3.999999523162842
3.2940335273742676
2.8545565605163574
3.1910464763641357
3.0419342517852783
3.566514492034912
3.0903992652893066
3.212153911590576
3.1224472522735596
3.226526975631714
3.999999761581421
3.25604248046875
3.5578722953796387
3.896707057952881
3.5319204330444336
4.000000476837158
3.4809701442718506
3.157897472381592
3.378079414367676
3.323869466781616
3.1358959674835205
2.905182123184204
3.545443058013916
2.9330992698669434
3.9461352825164795
4.0
3.193037986755371
4.0
3.7491986751556396
3.776414394378662
3.4884088039398193
3.632558822631836
4.0
4.0
3.999999761581421
