2.785511016845703
2.522895336151123
3.832904815673828
2.684500217437744
2.830420732498169
2.955543041229248
2.737222671508789
3.8247861862182617
2.46496319770813
2.8409829139709473
2.8980603218078613
2.779620409011841
2.3575360774993896
2.3911099433898926
2.8252782821655273
2.9197518825531006
2.6667566299438477
2.4064412117004395
3.333527088165283
3.331012010574341
2.9132542610168457
2.773214101791382
2.8482272624969482
2.814786911010742
2.763596773147583
2.6381263732910156
3.618887424468994
2.559088945388794
2.5148122310638428
2.4031014442443848
2.662088632583618
3.465285301208496
2.471555709838867
2.733344078063965
2.9963135719299316
2.6852927207946777
2.8757057189941406
2.7275214195251465
2.997241258621216
2.991245985031128
2.7667438983917236
2.6983401775360107
2.6945323944091797
2.707144260406494
3.0966644287109375
2.704826831817627
2.9655346870422363
2.9165945053100586
2.989513397216797
2.903820514678955
3.7780065536499023
2.8487367630004883
3.0471553802490234
2.9003584384918213
2.914564371109009
2.6903185844421387
2.711954116821289
3.0048794746398926
2.6986207962036133
3.7882556915283203
3.0264294147491455
2.9020192623138428
2.765850067138672
3.323981761932373
2.775463342666626
3.090775966644287
3.680971622467041
2.343749761581421
2.755599021911621
2.5898656845092773
2.924813747406006
2.8563663959503174
2.992022752761841
2.4708619117736816
2.6424355506896973
2.866943597793579
2.775481939315796
2.9024105072021484
2.9260237216949463
2.901185989379883
2.495530128479004
2.857064723968506
3.018101692199707
2.5965769290924072
3.662386417388916
3.091381549835205
2.774775505065918
3.1417222023010254
2.3026607036590576
2.7068376541137695
2.789480209350586
2.89355731010437
3.102883815765381
2.912865161895752
3.077547550201416
3.01475191116333
3.742067813873291
3.42195463180542
2.8281257152557373
2.7616260051727295
2.821350574493408
2.8245227336883545
3.536348581314087
2.7462315559387207
2.9915668964385986
2.662031650543213
2.5810863971710205
2.9045138359069824
2.828991651535034
3.232715129852295
2.4386823177337646
2.9797215461730957
3.178312063217163
2.929302215576172
3.2154719829559326
2.8990414142608643
2.559494972229004
2.8111701011657715
2.416149139404297
2.7246503829956055
3.844190835952759
2.8159244060516357
2.7003555297851562
2.9700136184692383
3.48409366607666
3.0187225341796875
2.7910468578338623
2.82977032661438
3.277167320251465
3.1818461418151855
2.762136936187744
2.6713767051696777
2.9686622619628906
2.733018636703491
2.367785692214966
2.906342029571533
3.16624116897583
2.7305092811584473
2.305980920791626
3.052438497543335
2.8783578872680664
2.7280712127685547
3.0405373573303223
2.9526939392089844
2.6442160606384277
2.5301928520202637
2.5654029846191406
2.7888567447662354
3.64267635345459
3.4762885570526123
2.7581472396850586
2.838717460632324
2.6156013011932373
2.786325693130493
2.9654364585876465
2.5831875801086426
2.3634443283081055
3.137244462966919
2.9444994926452637
2.599599599838257
2.5691275596618652
3.189253807067871
2.6876161098480225
2.534252643585205
3.47819185256958
2.774803638458252
2.9010062217712402
2.722795248031616
2.729871988296509
2.580777883529663
2.872123956680298
3.461801052093506
2.8603672981262207
2.8779640197753906
2.5639488697052
3.142561912536621
2.4924166202545166
2.80198335647583
2.8982772827148438
3.144806385040283
2.7814300060272217
2.5752289295196533
3.7216639518737793
2.857257843017578
3.1552600860595703
2.8539950847625732
2.8871684074401855
2.80312442779541
2.3859548568725586
2.4382989406585693
2.9852914810180664
2.85286283493042
3.2251594066619873
2.736175298690796
2.766904830932617
3.1329710483551025
2.7845842838287354
3.780379056930542
2.848238468170166
2.878115653991699
2.3118200302124023
2.9425246715545654
3.675334930419922
2.8539774417877197
2.1653811931610107
2.7847049236297607
2.4238858222961426
2.811040163040161
2.724562644958496
2.779484272003174
2.6790008544921875
2.999462604522705
2.441596508026123
2.6948013305664062
2.3178772926330566
2.6145691871643066
2.8316426277160645
2.4189634323120117
3.3051819801330566
2.535953998565674
2.485865592956543
2.3041210174560547
2.4879283905029297
2.4091978073120117
2.8873960971832275
2.4223194122314453
2.5515146255493164
2.6339938640594482
3.1152236461639404
2.7044429779052734
2.610250473022461
2.7720561027526855
2.804401159286499
2.940502643585205
2.7917182445526123
2.881134271621704
3.4495553970336914
2.632748603820801
2.76450777053833
2.975592613220215
2.526881217956543
2.9028565883636475
3.1129865646362305
2.776137113571167
3.0970988273620605
2.343616008758545
2.698636293411255
2.7344024181365967
3.3533856868743896
3.432948350906372
2.79779052734375
2.89125394821167
2.37748122215271
2.945845603942871
2.8835535049438477
2.575460433959961
3.169006824493408
2.9023358821868896
2.4427428245544434
3.2751078605651855
2.436117649078369
2.9686052799224854
2.4168076515197754
2.484086036682129
3.0163002014160156
2.722618579864502
2.4011576175689697
2.781142234802246
2.4372572898864746
2.773379325866699
2.863152503967285
3.1584930419921875
2.555170774459839
3.406172752380371
2.9670844078063965
2.7213940620422363
2.6953933238983154
2.8577194213867188
2.852728843688965
2.624950408935547
2.6534769535064697
2.990241765975952
3.4762790203094482
3.876002550125122
2.6896722316741943
2.927861452102661
2.5155510902404785
3.001657485961914
3.6153316497802734
2.5958831310272217
3.4567360877990723
3.502755880355835
2.7201433181762695
2.562938928604126
2.713235378265381
2.8677167892456055
2.32840633392334
3.358036994934082
3.0806362628936768
2.5457394123077393
3.3692893981933594
2.8971505165100098
2.576624870300293
3.7113301753997803
3.5838189125061035
2.573535919189453
3.16524076461792
2.6877896785736084
2.3125154972076416
3.3917195796966553
3.0132696628570557
2.9005441665649414
2.674133062362671
3.454988718032837
2.445760726928711
2.701888084411621
2.8293356895446777
2.6691532135009766
2.3894805908203125
2.696897029876709
2.706507682800293
2.574512481689453
2.5906577110290527
2.617870330810547
3.5658740997314453
2.905740737915039
3.066108226776123
2.185732841491699
2.949479341506958
3.3620872497558594
3.102077007293701
2.901766777038574
2.897134780883789
3.0110998153686523
2.6698222160339355
2.476778984069824
2.568983316421509
2.3229968547821045
3.0370826721191406
2.193141222000122
2.866560935974121
3.4591641426086426
2.5066823959350586
3.0022404193878174
2.931532382965088
3.4574217796325684
3.328063488006592
3.4567160606384277
3.4922001361846924
2.643582344055176
2.7079715728759766
2.900719165802002
2.84529447555542
2.48400616645813
3.155008316040039
2.644946813583374
2.942723274230957
2.8175904750823975
2.739940881729126
2.6279146671295166
2.8410487174987793
3.2555482387542725
2.588609457015991
2.8412113189697266
2.6971898078918457
3.713642120361328
2.8883092403411865
2.8526837825775146
2.7707579135894775
2.800926446914673
2.8669090270996094
2.597426414489746
2.423366069793701
2.6663146018981934
3.0494229793548584
2.980496883392334
2.7430057525634766
2.94413423538208
3.2403011322021484
2.653698682785034
3.74983811378479
2.6268558502197266
2.4169483184814453
2.6691930294036865
2.661496639251709
2.5658018589019775
2.410706043243408
2.9442219734191895
2.84458065032959
3.349353313446045
3.24912691116333
2.6934523582458496
3.808354377746582
3.1170895099639893
3.383937358856201
2.6672325134277344
3.373852491378784
3.999999761581421
3.5533015727996826
3.6578874588012695
