0.5
0.0
4.0
0.0
0.3333333333333333
0.2
0.0
4.0
0.16326530612244897
0.0
0.0
0.0
0.0
0.3333333333333333
0.2857142857142857
0.2033898305084746
0.16326530612244897
0.125
4.0
4.0
0.2
0.0
0.2222222222222222
0.5714285714285714
0.14285714285714285
0.75
4.0
0.25
0.16326530612244897
0.21428571428571427
0.32653061224489793
4.0
0.25
0.38095238095238093
0.39344262295081966
4.0
0.0
0.2222222222222222
4.0
0.2222222222222222
0.3333333333333333
0.2
0.08333333333333333
0.21428571428571427
0.0
0.0
0.375
0.0
0.0
4.0
0.26666666666666666
0.0
0.0
0.8888888888888888
0.0
0.34782608695652173
0.14285714285714285
0.0
4.0
0.2222222222222222
0.2962962962962963
0.3333333333333333
3.7419354838709675
0.6
0.0
0.2033898305084746
2.0
0.0
0.375
0.0
0.21052631578947367
0.125
0.0
0.0
0.0
0.14285714285714285
0.16
0.0
0.0
0.26666666666666666
2.4873949579831933
0.23529411764705882
0.0
0.0
4.0
4.0
0.375
0.7692307692307693
0.25
0.21428571428571427
0.25
0.4
0.26666666666666666
0.0
0.0
0.42105263157894735
4.0
4.0
0.26666666666666666
0.125
0.21052631578947367
0.7272727272727273
4.0
0.10666666666666667
0.375
0.3333333333333333
0.0
0.125
0.25
4.0
0.25
0.19047619047619047
0.25
0.2
0.0
0.18181818181818182
0.08163265306122448
0.0
0.0
0.0
4.0
0.0
0.0
0.19047619047619047
4.0
0.05333333333333334
0.48
0.4
3.125
0.12307692307692308
0.25
0.125
0.38095238095238093
0.14814814814814814
0.0
0.38095238095238093
0.19672131147540983
0.14285714285714285
0.0
4.0
0.17391304347826086
0.2962962962962963
0.0
0.3076923076923077
0.16326530612244897
0.2857142857142857
0.2
0.0
4.0
4.0
0.16666666666666666
0.19047619047619047
0.0
0.19047619047619047
0.2
0.07142857142857142
0.0
0.2033898305084746
0.0
0.21428571428571427
0.2
4.0
0.2857142857142857
0.0
0.42857142857142855
1.0909090909090908
0.10666666666666667
0.0
0.0
0.16326530612244897
0.34782608695652173
4.0
0.5333333333333333
0.0
0.07142857142857142
0.14814814814814814
0.08163265306122448
0.0
0.14814814814814814
0.06557377049180328
0.0
0.16326530612244897
0.35714285714285715
0.0
0.4307692307692308
4.0
0.0
0.0
0.3076923076923077
0.15384615384615385
4.0
0.0
4.0
0.0
0.14814814814814814
4.0
0.14285714285714285
4.0
0.13333333333333333
0.0
0.15384615384615385
0.19047619047619047
4.0
0.25
0.4
0.14285714285714285
0.3333333333333333
0.2222222222222222
0.25
0.0
0.0
0.18181818181818182
0.0
0.16666666666666666
0.24489795918367346
0.0
0.3076923076923077
0.08163265306122448
4.0
0.17391304347826086
0.16326530612244897
0.0
0.3076923076923077
0.2
0.2711864406779661
0.32653061224489793
0.25
0.0
0.4
0.14814814814814814
0.4444444444444444
0.2
0.46153846153846156
0.13559322033898305
0.0
0.2
4.0
0.0
0.0
4.0
0.08163265306122448
0.16
4.0
0.0
4.0
0.0
0.3333333333333333
0.2033898305084746
0.125
0.16
0.13559322033898305
0.125
0.2222222222222222
0.4444444444444444
0.3389830508474576
0.0
4.0
0.0
0.07142857142857142
4.0
0.0
0.2
0.0
0.16326530612244897
0.13333333333333333
0.3333333333333333
0.0
0.17391304347826086
0.08163265306122448
0.36363636363636365
0.36363636363636365
0.0
0.0
4.0
0.0
0.0
1.625
0.13114754098360656
0.125
0.20512820512820512
0.0
4.0
4.0
4.0
0.2222222222222222
0.125
0.0
4.0
4.0
0.25
4.0
4.0
0.12307692307692308
0.08163265306122448
0.125
0.125
0.25
4.0
0.3508771929824561
0.0
4.0
0.5
0.0
4.0
4.0
0.3333333333333333
0.25
0.0
0.0
4.0
0.2222222222222222
0.6
0.36363636363636365
4.0
0.2222222222222222
0.0
0.0
0.14814814814814814
0.0
0.0
0.14814814814814814
0.0
0.25
0.2857142857142857
2.205607476635514
0.32653061224489793
0.0
0.26666666666666666
0.0
4.0
0.0
0.2222222222222222
0.7058823529411765
0.4444444444444444
0.0
0.23529411764705882
0.0
0.0
4.0
0.13333333333333333
0.37333333333333335
0.36363636363636365
0.0
0.2857142857142857
0.6
4.0
4.0
4.0
0.3870967741935484
0.0
0.14814814814814814
0.5714285714285714
0.0
0.14814814814814814
4.0
0.14814814814814814
0.5
0.0
0.3333333333333333
0.8
0.0
4.0
0.0
0.375
0.0
4.0
0.0
0.0
0.0
0.0
0.4
0.08163265306122448
0.14285714285714285
0.0
0.14285714285714285
4.0
0.10256410256410256
0.19047619047619047
3.5294117647058822
0.18181818181818182
4.0
0.0
0.0
0.0
0.21428571428571427
0.16326530612244897
0.07142857142857142
0.24615384615384617
0.0
3.125
4.0
0.125
4.0
0.3
1.0212765957446808
0.2222222222222222
0.41379310344827586
4.0
4.0
4.0
