3.204401487113005
3.130043202927487
4.0
3.034180748914661
3.2190897383795307
3.283448479493865
3.2419063133275117
4.0
3.1887357461439154
3.1803215437364596
3.1729012995912775
3.296947389607773
2.9470648569819353
3.411715570868526
3.328390661543248
3.2943429274048626
3.156704723782517
3.219711337879138
4.0
4.0
3.22110256309484
3.2359296378896474
3.281772902955566
3.2745624672791522
3.2534359626472864
3.116014717968506
4.0
3.1868736168117477
3.196649227694963
3.306808549244689
3.311439227922715
4.0
3.094778150449417
3.1347456737530295
3.3976356866654305
4.0
3.1153261069179954
3.281772902955566
4.0
3.346114182379623
3.049730737903446
3.31978815228023
3.248557466343647
3.2628879933690116
3.060253176525953
3.197508794577115
3.3447417480585395
3.1966697679268226
3.056428180650204
4.0
3.154778812906858
3.0854301270222777
3.1201988899484867
3.267883852569454
2.9969554001171517
3.31997111185819
3.2534359626472864
2.950933823561737
4.0
3.187302512273231
3.398066305917251
3.142971423458694
3.988847097628723
3.247955552843053
3.0955634774677314
3.4887535878339566
3.6807332343620462
2.9905147475954266
3.4240802336465395
3.0524954663267847
3.2460813953208545
3.287269477687586
3.084243251976927
2.9818291651076736
3.1783034873424283
2.959914567168081
3.1795648435161397
3.0533183427877684
3.1525814814811737
3.164927687555394
3.9375688556382427
3.1948516538561273
3.2783397966278005
3.0427402537404267
4.0
4.0
3.3186500749107477
3.307551145230023
3.0756014655256823
3.3157713130011395
3.058033257414758
3.3765134948164772
3.316674895330337
3.1256493613057352
2.950542755706387
3.396850571089892
4.0
4.0
3.0500437438011643
3.1303683239890017
3.386207637630803
3.3876929496668025
4.0
3.2719542088490203
3.317715687568282
3.0183840098385284
3.1381072206205483
3.1997131435711195
3.0455312040092872
4.0
3.016503122895314
3.3046365586590207
3.1888181425055975
3.292430162073922
3.0027721667723637
3.1214412530746176
3.2103629557949684
3.1783977423001133
3.293402090645807
2.8950437593294227
4.0
3.239329775597692
3.0058600472713444
3.326077101979774
4.0
3.2377748046850128
3.1677826829872866
3.2652448206153037
3.948142935922573
3.2886194572284118
3.0548104060377215
3.161588593479106
3.296716740547705
3.0665613095507904
3.0037962996709826
3.2770025166224137
3.347185919571557
3.172628822158467
3.147222345755801
4.0
3.2080069621213303
3.1409131939617687
2.9735238101862196
3.1184818083214143
3.25317088709551
3.2570136530483627
3.098497994279238
3.042469669709403
4.0
4.0
3.377731867972141
3.313507307345028
3.1347115042612
3.241025220469603
3.308259023464144
3.2097414372917097
3.0460013291497354
3.2676290284489564
3.1496987093306106
3.24695564410598
3.1547518519093707
4.0
3.3501559906335916
2.946446106447074
3.441407450839237
3.3860361208509477
3.381190178066088
3.1474160353443077
3.258847762055004
3.161689987855306
3.4048600537706126
4.0
3.323129730849465
2.903233241852761
3.1350716286207687
3.2484939721886734
3.135654492805699
2.955524586635164
3.275055707692866
3.241022157569674
3.1194564048682256
3.156704723782517
3.473021218336175
3.1710296185807176
3.613732380802089
4.0
3.0165310405311825
3.2294244339038363
3.224427213433723
3.1742905421535417
4.0
2.8698440291847196
4.0
3.037823605146133
3.064562222368232
4.0
3.24432975104154
4.0
3.2334713537249673
3.0615390034561827
3.3051419985626627
3.145312230954666
4.0
3.1611287503342314
3.318723836824475
3.2254103544649544
3.1692838745373217
3.049069560275643
3.1434275086302064
3.099065306540054
3.130338708267587
3.0476906754314097
3.0660332175975578
3.3349793662411575
3.2621139362595266
3.0931152739705308
3.255942641102419
3.232914546332033
4.0
3.2668677535057595
3.096389478404361
2.9302456944535287
3.205017545718649
3.2535077120963103
3.3778041003882553
3.3957209964660455
3.1225854723611395
2.8698440291847196
3.4042662054433714
3.0269809402574124
3.185052018014568
3.269774498788408
3.3892934257729888
3.323199984828726
3.1052403593561824
3.028777814734383
4.0
3.1393306099081073
2.8706053915141325
4.0
3.2031560450174315
3.123936470430412
4.0
3.1466276209066395
4.0
3.231175578945235
3.080174011421221
3.386358408781116
3.248775089069661
3.107059973114216
3.2403313613170575
3.045556655950672
3.1540024383865366
3.1753621292687755
3.388900201609095
2.9985801669032686
4.0
3.0799765959362104
3.23557059297514
4.0
2.946446106447074
3.1679676897304185
3.140213017514204
3.196649227694963
3.186160050365851
3.063446544123989
3.0959198546798983
3.1527511745833414
3.145027678120244
3.0114764046322593
3.21360997912267
2.8794684338013945
3.1440306662381223
4.0
3.017500231592261
2.886379539719613
3.725124586800126
3.3020337027486986
3.1512352739019445
3.154987719100056
3.1770498054643816
4.0
4.0
4.0
3.086096736611605
3.1247889099328185
3.110733585558413
4.0
4.0
3.0638602739697327
4.0
4.0
3.385751542111001
3.098071376086792
3.1645848751317835
3.2869118145812974
3.0004496771002254
4.0
3.3839155578566498
3.012281876459805
4.0
3.3369180418465856
3.129315491425798
4.0
4.0
3.0004052054916475
3.260668080622203
3.1866183753701534
2.960035162224232
4.0
3.160419716199299
3.312237235423181
3.265065935941245
4.0
3.3122908389159633
2.9926777270448834
3.1966697679268226
3.0827419242558376
3.186994197677923
3.13819324384622
3.062276730658385
3.054234210206867
3.175552493065906
3.306310518393687
3.928004580276802
3.3609486136549886
3.0761116043235326
3.304458634022774
3.0818387373905534
4.0
3.060786024288512
3.081285794066597
3.3115663599109846
3.194327940349904
3.137233459902423
3.0578192365477257
3.040476733469442
3.1405809617224976
4.0
3.108922828939141
3.3640454439248826
3.1155588070082976
2.960035162224232
3.273153598260521
3.290301894079603
4.0
4.0
4.0
3.3350060418833
3.0490039023294555
3.0956654118395033
3.5179879907722147
3.1292873487918262
3.140426030546963
4.0
3.058211728968509
3.3993360199039477
2.9622634764508167
3.0421738508629073
3.1404648250529146
2.9677626408991675
4.0
3.1894596938425233
3.265545932013155
3.201562588979798
4.0
2.9744415490826412
2.8951485854731156
2.8921847953065223
2.8970541256212172
3.338263703542366
2.849970068342442
3.283084423523433
3.0339054489724937
3.0318859919702295
4.0
3.317256402720335
3.263665803788988
3.8721261817926598
3.1826021128976683
4.0
3.131281043603944
2.982534390146914
3.2069230627975136
3.2628879933690116
3.2078554268948127
3.0860068682668667
3.379451556196842
3.134629664066391
3.948142935922573
4.0
3.1903275341831776
4.0
3.3851633420169165
3.750230022779223
3.2839421606874715
3.293008295099289
4.0
4.0
4.0
